FIPS,POPUNI,PRED0_PE,PRED12_PE,PRED3_PE
1001,55688,36.94,40.85,22.2
1003,221898,35.43,40.81,23.76
1005,22023,22.81,41.64,35.54
1007,20393,30.79,44.06,25.14
1009,57697,31.53,41.51,26.97
1011,8600,24.12,41.09,34.79
1013,19410,27.98,39.38,32.64
1015,111694,31.49,39.56,28.95
1017,33117,28.56,38.64,32.8
1019,26116,28.24,42.29,29.48
1021,44257,28.16,45.97,25.88
1023,12553,22.54,43.18,34.27
1025,23522,24.65,43.7,31.66
1027,13159,24.45,43.53,32.02
1029,14819,35.28,40.53,24.19
1031,52203,34.37,40.74,24.89
1033,55083,32.86,40.2,26.95
1035,12022,30.19,34.26,35.54
1037,10511,26.91,39.3,33.78
1039,36877,27.36,40.85,31.79
1041,13772,25.72,41.41,32.87
1043,83277,31.22,44.23,24.55
1045,49090,28.75,42.95,28.3
1047,36952,25.38,40.38,34.25
1049,71306,32.12,40.27,27.61
1051,77512,37.57,39.17,23.26
1053,34309,26.77,41.85,31.38
1055,101051,31.43,40.89,27.68
1057,16197,26.59,42.08,31.34
1059,31274,27.7,43.9,28.4
1061,26218,33.6,37.12,29.29
1063,8111,18.9,40.27,40.83
1065,14597,23.5,43.44,33.05
1067,17135,27.65,40.62,31.73
1069,105267,32.39,40.66,26.95
1071,51420,29.7,45.22,25.08
1073,648693,34.5,40.03,25.47
1075,13753,29.2,42.19,28.61
1077,91069,31.87,41.94,26.18
1079,32816,31.64,35.41,32.95
1081,160116,38.29,43.21,18.5
1083,96560,36.65,43.16,20.19
1085,9692,17.65,45.27,37.07
1087,16594,21.64,41.82,36.54
1089,366657,40.04,39.77,20.19
1091,18794,24.76,38.82,36.42
1093,29285,28.35,45.38,26.27
1095,96357,31.64,41.65,26.7
1097,409100,31.82,42.28,25.9
1099,20678,24.93,37.16,37.91
1101,219377,30.11,42.03,27.86
1103,118554,31.19,44.1,24.71
1105,8349,23.18,39.93,36.89
1107,18216,22.59,42.06,35.35
1109,31132,29.06,45.8,25.14
1111,22498,32.52,36.99,30.49
1113,57670,32.79,41.18,26.03
1115,88245,32.95,44.42,22.62
1117,215942,42.66,40.06,17.28
1119,11680,22.14,38.97,38.89
1121,77874,27.11,42.05,30.84
1123,40221,26.52,41.44,32.04
1125,200924,34.92,40.83,24.25
1127,63156,29.52,40.11,30.38
1129,16259,34.84,33.05,32.11
1131,10335,23.68,33.99,42.33
1133,23573,30.36,35.57,34.07
2013,3337,10.67,49.75,39.59
2016,5632,19.3,62.43,18.27
2020,286703,35.19,48.35,16.46
2050,18183,9.55,41.76,48.68
2060,836,26.08,43.54,30.38
2068,2097,23.89,59.61,16.5
2070,4914,7.61,49.06,43.33
2090,95680,35.03,48.57,16.4
2100,2530,18.46,48.34,33.2
2105,2148,10.8,50.05,39.15
2110,31315,37.0,44.42,18.57
2122,57717,23.89,56.04,20.08
2130,13802,30.47,48.12,21.42
2150,12935,26.15,55.06,18.79
2158,8314,4.75,37.7,57.55
2164,1592,13.44,46.92,39.64
2170,106841,28.42,53.92,17.66
2180,9882,9.29,44.1,46.61
2185,9799,11.63,61.77,26.59
2188,7575,7.19,44.3,48.5
2195,3266,20.27,60.29,19.44
2198,6203,16.09,46.59,37.32
2220,8477,27.18,52.51,20.31
2230,1183,32.21,44.89,22.91
2240,6893,25.69,51.53,22.78
2261,9174,24.21,47.81,27.98
2275,2502,15.71,66.15,18.15
2282,579,18.65,51.3,30.05
2290,5230,9.71,40.84,49.45
4001,71232,10.44,36.74,52.82
4003,123596,26.19,49.31,24.5
4005,131295,27.47,48.06,24.46
4007,53615,19.41,45.81,34.78
4009,36046,23.85,51.44,24.7
4011,9466,23.87,54.83,21.3
4012,20895,13.11,49.98,36.91
4013,4440795,33.42,46.73,19.85
4015,208241,24.93,47.27,27.8
4017,109467,16.76,44.1,39.15
4019,1030970,30.06,47.17,22.76
4021,438153,27.86,50.83,21.31
4023,46301,22.9,46.83,30.27
4025,233003,24.75,49.94,25.31
4027,207535,22.59,48.97,28.44
5001,17384,33.0,39.75,27.24
5003,19555,28.72,40.9,30.38
5005,41877,26.62,43.11,30.26
5007,278162,37.14,43.51,19.34
5009,37328,37.15,36.03,26.82
5011,10710,22.5,41.92,35.57
5013,5014,23.83,42.12,34.04
5015,28274,26.66,47.56,25.78
5017,9493,19.04,41.88,39.08
5019,19674,28.33,38.7,32.97
5021,14480,25.13,49.23,25.64
5023,24839,26.44,46.72,26.84
5025,7956,31.56,46.63,21.81
5027,21610,25.64,45.34,29.03
5029,20766,28.24,43.43,28.33
5031,107689,33.11,43.18,23.71
5033,63132,28.31,44.34,27.35
5035,47304,28.67,42.0,29.32
5037,16365,24.65,47.58,27.77
5039,6715,25.7,43.99,30.31
5041,11361,22.23,40.37,37.4
5043,17565,27.16,43.44,29.4
5045,122137,37.35,43.95,18.7
5047,17706,25.79,39.0,35.2
5049,12470,15.53,38.85,45.62
5051,98872,26.03,47.92,26.04
5053,18202,35.29,38.94,25.77
5055,45082,34.38,41.77,23.85
5057,21481,27.04,45.64,27.31
5059,31642,24.69,43.05,32.26
5061,13202,28.77,41.75,29.48
5063,37286,22.94,48.86,28.2
5065,12794,20.67,46.1,33.23
5067,14680,25.93,38.65,35.42
5069,62033,25.29,42.62,32.09
5071,26006,25.28,43.79,30.93
5073,6570,16.36,38.05,45.59
5075,16024,25.86,46.14,28.0
5077,7185,21.48,40.64,37.88
5079,9616,23.46,42.31,34.22
5081,12259,22.37,45.88,31.76
5083,21267,24.83,44.24,30.93
5085,73245,35.87,45.18,18.95
5087,16576,33.45,42.47,24.08
5089,16678,28.2,40.06,31.74
5091,42334,33.9,41.7,24.4
5093,40155,25.74,46.64,27.62
5095,6679,21.47,37.39,41.14
5097,8967,23.66,41.14,35.2
5099,8239,19.23,42.18,38.6
5101,7753,24.15,47.25,28.61
5103,23313,29.82,38.78,31.41
5105,10443,34.43,38.4,27.17
5107,17717,25.0,35.3,39.7
5109,10628,30.81,45.56,23.64
5111,23441,23.95,47.83,28.22
5113,19943,21.0,49.79,29.21
5115,61211,31.61,42.26,26.13
5117,8046,26.58,44.06,29.36
5119,387868,33.8,41.88,24.32
5121,17829,27.07,40.75,32.18
5123,21027,24.3,39.93,35.77
5125,121852,37.49,42.52,19.99
5127,10281,26.0,40.68,33.32
5129,7870,23.62,47.81,28.56
5131,126838,29.83,45.27,24.9
5133,16978,22.95,47.66,29.39
5135,17417,18.09,43.57,38.35
5137,12482,26.38,41.47,32.15
5139,38496,29.83,43.6,26.56
5141,16495,19.62,40.29,40.09
5143,232362,32.92,45.3,21.79
5145,76082,28.69,47.99,23.32
5147,6312,17.84,46.42,35.74
5149,21314,22.23,49.54,28.23
6001,1651538,32.17,50.57,17.26
6003,1129,12.84,57.75,29.41
6005,35620,24.15,50.54,25.31
6007,216365,29.61,48.61,21.77
6009,45621,25.29,52.39,22.32
6011,21421,23.95,50.48,25.57
6013,1150025,34.7,48.83,16.47
6015,24980,25.53,50.83,23.63
6017,192285,34.3,47.03,18.67
6019,988669,23.49,50.0,26.5
6021,28163,26.8,54.29,18.91
6023,132753,27.03,49.99,22.98
6025,173325,19.17,49.83,31.01
6027,17882,21.62,49.47,28.91
6029,872675,23.88,48.78,27.35
6031,139108,23.45,51.81,24.74
6033,63990,23.16,49.55,27.29
6035,23121,26.82,50.04,23.15
6037,9949102,25.17,52.92,21.92
6039,150717,21.54,53.57,24.89
6041,253478,34.02,48.41,17.58
6043,17066,21.46,46.85,31.68
6045,86116,22.24,51.29,26.47
6047,272333,24.21,52.7,23.1
6049,8685,24.67,49.82,25.5
6051,14385,24.66,50.66,24.68
6053,421328,22.6,55.69,21.72
6055,136367,30.53,50.46,19.01
6057,99421,26.37,52.74,20.89
6059,3154014,29.85,52.41,17.74
6061,397084,38.89,45.04,16.07
6063,18630,25.85,51.31,22.84
6065,2449184,28.55,52.14,19.3
6067,1539857,32.7,47.74,19.56
6069,62781,27.03,51.93,21.04
6071,2160610,27.2,52.31,20.49
6073,3298811,31.58,50.76,17.66
6075,871443,31.76,48.28,19.95
6077,752585,26.98,51.72,21.3
6079,270379,30.19,49.45,20.36
6081,764562,33.91,50.15,15.94
6083,430385,25.52,52.72,21.77
6085,1911462,34.17,50.46,15.38
6087,262577,29.22,52.24,18.54
6089,178899,30.01,47.49,22.5
6091,3005,14.48,55.04,30.48
6093,43157,24.98,46.78,28.24
6095,439199,33.31,48.64,18.05
6097,489836,31.14,50.95,17.92
6099,548405,28.09,50.81,21.1
6101,96791,28.21,46.99,24.8
6103,64677,26.48,48.27,25.25
6105,12132,21.48,48.33,30.18
6107,464344,23.18,50.23,26.59
6109,51520,22.06,52.7,25.24
6111,840957,30.96,50.02,19.01
6113,211368,32.96,47.33,19.71
6115,78284,30.59,47.87,21.54
8001,515407,36.28,46.75,16.97
8003,15487,29.28,43.67,27.05
8005,654450,41.46,42.53,16.01
8007,14003,21.15,51.03,27.82
8009,3572,31.13,39.87,29.0
8011,3994,20.76,39.96,39.28
8013,317737,42.08,43.92,14.0
8014,70393,50.76,38.2,11.05
8015,19034,24.21,51.67,24.13
8017,1815,30.03,43.58,26.39
8019,9616,46.95,38.77,14.28
8021,8181,14.31,54.11,31.57
8023,3887,20.56,45.77,33.68
8025,3169,26.6,39.19,34.21
8027,4918,21.57,59.92,18.5
8029,30645,26.48,45.07,28.45
8031,717814,40.1,41.52,18.38
8033,2055,36.69,44.23,19.08
8035,350839,54.59,36.57,8.84
8037,55073,35.08,49.05,15.87
8039,26694,44.44,41.34,14.22
8041,714172,40.58,45.28,14.13
8043,40083,32.67,43.32,24.01
8045,59588,30.9,50.19,18.91
8047,6212,38.75,39.84,21.41
8049,15701,37.76,47.45,14.79
8051,16565,33.96,52.93,13.11
8053,820,24.63,46.1,29.27
8055,6882,19.14,49.33,31.53
8057,1391,20.49,54.92,24.59
8059,577345,44.56,40.16,15.27
8061,1406,37.06,40.26,22.69
8063,7097,32.38,45.17,22.45
8065,8026,32.66,49.4,17.94
8067,54556,34.03,47.22,18.76
8069,349827,43.47,41.84,14.69
8071,13779,25.8,44.96,29.24
8073,4745,23.69,53.72,22.59
8075,18709,36.45,44.64,18.92
8077,151308,33.9,46.76,19.34
8079,769,28.09,52.93,18.99
8081,13248,30.99,46.3,22.71
8083,26159,25.96,46.64,27.41
8085,42625,27.11,47.14,25.75
8087,28757,29.36,46.56,24.08
8089,17978,27.77,45.6,26.63
8091,4952,29.06,54.58,16.36
8093,18759,32.29,48.5,19.21
8095,4265,24.76,48.93,26.31
8097,17746,36.52,44.74,18.74
8099,11970,26.95,50.93,22.12
8101,165957,30.17,46.16,23.67
8103,6107,35.22,41.84,22.94
8105,11236,29.38,43.92,26.7
8107,25441,35.87,49.36,14.78
8109,6806,25.86,41.27,32.87
8111,728,37.77,43.27,18.96
8113,8170,35.29,49.14,15.57
8115,2248,25.27,44.26,30.47
8117,30960,37.58,44.62,17.8
8119,25309,36.7,45.44,17.86
8121,4748,41.41,41.83,16.76
8123,319543,39.9,43.45,16.65
8125,9928,33.3,39.25,27.45
9001,932097,39.86,40.51,19.63
9003,878007,39.86,40.33,19.81
9005,180097,43.56,40.52,15.92
9007,159850,43.9,39.61,16.5
9009,836346,36.81,40.87,22.32
9011,260663,41.96,40.41,17.63
9013,137010,48.63,38.17,13.2
9015,113717,38.03,43.48,18.49
10001,177475,37.23,40.93,21.84
10003,545835,40.22,41.15,18.63
10005,232793,27.09,45.92,26.99
11001,678072,34.94,42.69,22.37
12001,257036,35.49,43.61,20.9
12003,27126,36.35,42.25,21.4
12005,172800,33.92,44.38,21.7
12007,24248,26.96,43.15,29.89
12009,598624,33.31,45.64,21.05
12011,1945390,29.13,48.13,22.74
12013,12645,29.47,40.7,29.83
12015,187410,23.11,47.68,29.21
12017,148865,23.98,44.08,31.94
12019,218707,39.2,44.84,15.96
12021,383327,23.31,50.32,26.37
12023,67063,26.13,47.61,26.26
12027,35211,19.97,46.11,33.92
12029,15127,24.0,47.29,28.71
12031,948277,35.88,43.8,20.32
12033,309608,32.94,44.38,22.68
12035,114779,27.5,46.9,25.61
12037,10429,26.35,42.62,31.03
12039,43265,23.03,41.85,35.12
12041,17577,20.87,44.89,34.24
12043,12345,14.99,47.28,37.73
12045,13362,23.55,46.34,30.11
12047,11800,22.48,39.95,37.57
12049,25691,19.8,49.39,30.81
12051,41832,19.78,45.92,34.29
12053,192899,29.57,45.6,24.82
12055,105776,21.01,46.29,32.7
12057,1458048,34.72,44.55,20.73
12059,18092,23.61,41.84,34.55
12061,159270,26.9,45.47,27.63
12063,40622,26.53,43.47,29.99
12065,13114,26.37,39.87,33.76
12067,7219,23.02,49.58,27.4
12069,364949,30.99,45.63,23.39
12071,765912,27.61,48.04,24.35
12073,281240,36.31,43.91,19.79
12075,41380,23.12,47.58,29.3
12077,6358,32.07,39.75,28.18
12079,16705,20.18,48.24,31.58
12081,401548,28.29,46.67,25.04
12083,358082,27.67,46.22,26.11
12085,158362,30.08,45.52,24.4
12086,2691583,23.32,48.39,28.29
12087,73755,26.22,48.32,25.46
12089,88426,31.99,44.63,23.39
12091,208789,37.5,43.79,18.71
12093,39467,23.36,49.97,26.67
12095,1371554,34.72,45.2,20.08
12097,373936,29.72,46.4,23.89
12099,1484379,28.51,46.26,25.23
12101,550758,32.7,44.8,22.5
12103,968898,32.41,43.72,23.87
12105,714460,28.77,46.98,24.25
12107,73686,26.79,44.19,29.03
12109,262951,39.18,43.25,17.57
12111,326689,32.07,45.05,22.88
12113,178869,36.56,44.51,18.93
12115,431171,25.66,49.53,24.81
12117,470885,37.85,43.8,18.35
12119,124500,11.44,55.0,33.56
12121,42303,26.87,46.01,27.12
12123,19252,27.91,50.48,21.61
12125,10427,28.47,45.29,26.24
12127,543420,29.11,46.75,24.14
12129,30512,38.35,40.08,21.57
12131,72312,27.42,49.94,22.64
12133,22923,27.64,46.48,25.88
13001,18086,24.02,40.73,35.25
13003,8153,25.51,40.75,33.74
13005,10955,24.12,49.62,26.26
13007,3038,18.73,36.31,44.96
13009,39694,28.29,42.88,28.83
13011,19234,32.37,42.29,25.34
13013,83145,38.47,42.27,19.27
13015,107085,36.08,41.87,22.05
13017,16607,24.54,39.02,36.44
13019,19305,26.99,43.06,29.95
13021,147863,30.53,43.05,26.43
13023,11593,26.03,45.36,28.6
13025,19086,34.39,46.95,18.67
13027,15412,23.36,49.44,27.2
13029,39627,41.67,41.05,17.28
13031,73388,33.07,45.45,21.48
13033,22257,27.84,46.95,25.21
13035,22164,28.02,44.45,27.53
13037,4548,18.43,49.41,32.17
13039,54527,35.15,42.98,21.87
13043,10794,21.97,39.33,38.71
13045,116302,36.39,42.89,20.72
13047,67385,37.56,40.91,21.53
13049,10961,22.87,39.12,38.01
13051,278031,33.75,42.65,23.6
13053,10907,25.9,58.0,16.1
13055,23699,27.21,43.91,28.87
13057,257554,44.74,39.88,15.39
13059,118625,35.15,41.59,23.27
13061,2834,17.64,39.1,43.26
13063,288053,29.03,48.07,22.9
13065,6618,29.72,39.5,30.78
13067,752942,43.36,40.78,15.86
13069,40163,24.96,44.95,30.09
13071,45165,28.19,41.98,29.82
13073,156379,46.24,38.95,14.81
13075,17270,22.98,48.79,28.23
13077,148072,41.47,42.15,16.38
13079,12380,25.29,47.44,27.27
13081,22084,27.14,41.63,31.23
13083,15209,28.18,42.22,29.6
13085,25999,34.12,46.02,19.86
13087,25597,23.19,43.27,33.55
13089,750698,37.37,42.01,20.62
13091,19024,28.35,44.59,27.06
13093,11597,20.02,49.29,30.69
13095,84944,25.83,39.39,34.78
13097,145499,42.03,42.02,15.95
13099,10153,21.14,39.08,39.78
13101,4006,23.36,47.53,29.11
13103,63794,35.38,45.31,19.31
13105,19094,25.33,41.1,33.57
13107,21622,26.8,44.23,28.98
13109,10256,23.85,40.89,35.26
13111,26124,22.08,45.48,32.45
13113,114181,41.07,44.33,14.6
13115,95661,30.77,45.51,23.72
13117,243954,52.37,36.06,11.57
13119,22725,29.11,40.67,30.22
13121,1037719,41.35,40.43,18.22
13123,31369,24.91,50.1,24.99
13125,2971,36.08,38.91,25.01
13127,84684,29.53,44.33,26.13
13129,57511,32.19,45.17,22.64
13131,24520,25.77,42.63,31.6
13133,18254,24.21,44.38,31.4
13135,932893,39.76,42.3,17.94
13137,43205,30.06,43.66,26.29
13139,202798,34.9,44.29,20.81
13141,7272,18.3,41.23,40.47
13143,29675,36.17,39.4,24.42
13145,34973,34.35,41.96,23.69
13147,25734,26.96,43.14,29.9
13149,11867,31.45,40.79,27.77
13151,233822,41.87,41.6,16.53
13153,157235,38.65,42.81,18.54
13155,8402,27.24,43.97,28.79
13157,72609,38.27,41.18,20.55
13159,14178,35.67,42.6,21.73
13161,15071,24.5,47.47,28.03
13163,15030,23.91,38.11,37.98
13165,7579,17.84,39.95,42.21
13167,8087,26.51,41.02,32.47
13169,28587,38.95,36.41,24.64
13171,18067,34.71,42.2,23.09
13173,10216,30.66,44.74,24.6
13175,47050,24.82,43.8,31.38
13177,29213,40.16,41.06,18.79
13179,61187,33.92,47.53,18.55
13181,7863,29.81,40.24,29.95
13183,19332,26.09,52.59,21.32
13185,112875,30.89,43.85,25.27
13187,30704,33.03,43.68,23.29
13189,21082,26.97,41.43,31.6
13191,14307,26.35,45.75,27.9
13193,11241,23.75,45.18,31.06
13195,29790,30.25,43.43,26.32
13197,8336,23.68,40.83,35.48
13199,21039,22.13,42.58,35.29
13201,5704,22.12,38.03,39.85
13205,19949,19.87,41.05,39.08
13207,26754,36.14,42.97,20.89
13209,8368,28.23,43.76,28.01
13211,19206,29.64,50.26,20.1
13213,39948,32.09,47.01,20.9
13215,192597,32.77,42.21,25.02
13217,110564,37.55,42.46,19.99
13219,40226,48.25,40.87,10.87
13221,15162,32.6,43.06,24.34
13223,168326,43.14,43.42,13.45
13225,26354,31.33,40.77,27.9
13227,32496,32.98,44.58,22.44
13229,19412,34.31,39.09,26.6
13231,18750,37.43,45.96,16.61
13233,42479,32.4,42.27,25.33
13235,10019,20.92,46.93,32.15
13237,22047,23.84,46.93,29.23
13239,2299,15.35,45.98,38.67
13241,17047,22.8,44.49,32.71
13243,6553,19.69,35.56,44.76
13245,197328,30.95,45.1,23.95
13247,90475,33.29,47.72,18.99
13249,5257,40.63,39.09,20.28
13251,13599,30.36,38.77,30.87
13253,8055,22.76,44.26,32.99
13255,65897,32.09,41.16,26.75
13257,25390,28.83,45.84,25.32
13259,4999,17.7,42.75,39.55
13261,28134,24.48,43.83,31.69
13263,6195,26.86,41.61,31.53
13265,1537,22.51,43.92,33.57
13267,21069,25.27,39.68,35.05
13269,7947,24.93,41.16,33.91
13271,12910,27.11,32.78,40.11
13273,8345,24.87,38.54,36.6
13275,44279,33.67,38.97,27.36
13277,39358,30.26,39.62,30.12
13279,26810,29.7,43.1,27.2
13281,10984,23.05,47.05,29.9
13283,6591,19.3,45.24,35.46
13285,68292,29.78,43.33,26.89
13287,7716,20.97,38.63,40.4
13289,8120,29.1,45.2,25.7
13291,24364,22.46,49.01,28.54
13293,26187,31.02,39.0,29.98
13295,68903,34.04,41.7,24.26
13297,94077,41.63,39.88,18.5
13299,33779,27.2,45.69,27.11
13301,5254,20.71,38.48,40.81
13303,18712,24.88,47.02,28.1
13305,28103,25.53,50.54,23.93
13307,2607,27.54,38.2,34.25
13309,5391,28.03,42.68,29.29
13311,30081,28.86,46.36,24.78
13313,104101,32.7,46.13,21.18
13315,6863,24.65,42.52,32.83
13317,9728,23.89,42.92,33.19
13319,8910,29.9,44.29,25.81
13321,20193,22.05,44.97,32.98
15001,199711,23.99,51.96,24.04
15003,963479,29.84,52.82,17.34
15005,86,23.26,45.35,31.4
15007,71944,23.77,56.48,19.76
15009,166577,25.62,54.48,19.89
16001,472391,42.88,41.79,15.33
16003,4275,24.84,54.39,20.77
16005,86278,36.01,44.02,19.96
16007,6125,29.36,54.53,16.11
16009,9289,28.87,44.26,26.87
16011,46691,33.91,45.85,20.24
16013,23005,31.98,51.52,16.51
16015,7797,27.75,49.51,22.74
16017,45642,29.67,45.71,24.62
16019,118722,40.63,43.92,15.45
16021,12221,24.55,50.34,25.11
16023,2595,28.17,51.83,20.0
16025,1106,25.41,59.76,14.83
16027,227795,32.1,49.51,18.38
16029,7151,28.91,56.05,15.05
16031,23904,32.85,46.95,20.21
16033,845,19.17,48.17,32.66
16035,8076,26.46,42.36,31.18
16037,4306,29.61,47.56,22.83
16039,27313,31.63,46.5,21.87
16041,13863,36.36,45.16,18.48
16043,12690,25.7,51.41,22.89
16045,18062,30.81,46.1,23.09
16047,15157,20.09,53.39,26.52
16049,16257,25.07,50.8,24.14
16051,29761,34.79,51.73,13.49
16053,24343,28.61,46.37,25.02
16055,165127,35.08,45.86,19.06
16057,37544,37.85,45.73,16.42
16059,8015,29.64,41.7,28.66
16061,3825,26.67,44.26,29.07
16063,5366,21.19,57.94,20.87
16065,39337,33.45,44.56,21.99
16067,21030,29.55,51.1,19.35
16069,39895,37.45,41.81,20.74
16071,4531,33.11,41.96,24.94
16073,11738,24.29,47.84,27.88
16075,23865,28.88,50.47,20.65
16077,7661,30.34,52.72,16.94
16079,12819,24.33,39.84,35.83
16081,12142,41.32,49.65,9.03
16083,86421,35.59,47.21,17.2
16085,11353,35.86,39.01,25.13
16087,10150,24.5,50.73,24.77
17001,64937,40.7,37.16,22.14
17003,5761,24.65,45.13,30.22
17005,14986,36.17,41.42,22.41
17007,53473,41.68,40.08,18.24
17009,4644,42.16,38.65,19.19
17011,32606,37.47,39.66,22.87
17013,4737,29.05,44.82,26.13
17015,14253,32.62,44.64,22.73
17017,12147,38.57,35.98,25.45
17019,195071,37.2,41.19,21.61
17021,31031,35.14,43.55,21.31
17023,15435,40.14,39.36,20.51
17025,13178,34.65,41.11,24.24
17027,35966,42.78,39.03,18.19
17029,48135,42.91,37.49,19.59
17031,5109413,32.89,43.22,23.89
17033,17414,30.45,42.17,27.39
17035,10761,36.93,41.88,21.19
17037,99959,42.91,40.02,17.07
17039,15562,38.02,41.05,20.94
17041,19449,35.16,40.92,23.92
17043,915779,44.53,40.2,15.27
17045,17128,40.16,38.82,21.02
17047,6395,31.26,47.97,20.77
17049,33942,40.58,40.8,18.62
17051,19942,34.74,43.93,21.33
17053,12918,38.62,41.42,19.96
17055,38391,33.44,41.96,24.6
17057,32199,36.87,39.56,23.57
17059,4828,34.71,37.88,27.4
17061,12766,37.08,42.45,20.47
17063,51028,47.36,39.43,13.2
17065,8116,30.79,42.24,26.97
17067,17677,36.02,39.5,24.48
17069,3821,29.78,44.07,26.14
17071,6646,39.32,41.51,19.17
17073,48615,38.89,40.83,20.28
17075,27014,35.24,40.05,24.71
17077,53917,30.53,44.72,24.75
17079,9606,38.37,44.87,16.76
17081,35856,35.3,42.94,21.76
17083,21315,39.59,37.78,22.63
17085,21222,37.48,39.31,23.2
17087,11191,34.72,37.32,27.97
17089,530019,39.47,43.04,17.49
17091,105897,38.56,38.38,23.06
17093,128926,47.81,40.32,11.87
17095,46674,32.68,38.3,29.02
17097,693312,41.36,41.99,16.65
17099,106698,36.76,43.27,19.97
17101,13442,31.92,43.48,24.59
17103,31556,38.12,41.4,20.48
17105,33919,36.38,39.91,23.71
17107,24964,38.84,37.41,23.75
17109,26712,34.19,41.15,24.65
17111,307237,48.42,38.09,13.49
17113,162127,40.8,39.48,19.72
17115,101850,39.0,36.51,24.49
17117,44569,34.95,43.43,21.62
17119,261608,41.94,39.63,18.44
17121,37056,36.48,37.89,25.63
17123,11431,41.73,36.67,21.6
17125,13319,34.83,44.46,20.71
17127,13772,34.69,41.85,23.46
17129,12181,41.38,40.37,18.24
17131,15397,42.96,37.4,19.64
17133,34637,48.12,37.46,14.42
17135,26462,30.49,43.72,25.8
17137,31306,34.53,41.58,23.89
17139,14471,36.45,40.5,23.05
17141,50527,40.58,40.44,18.98
17143,176516,35.83,41.79,22.38
17145,18622,34.68,44.0,21.32
17147,16344,41.89,39.48,18.63
17149,15276,34.73,41.55,23.72
17151,4121,25.16,42.73,32.1
17153,5329,22.33,38.37,39.29
17155,5737,35.82,43.0,21.18
17157,28220,37.57,37.53,24.9
17159,15484,32.49,44.43,23.08
17161,138629,34.55,41.96,23.49
17163,258338,38.29,41.27,20.44
17165,23131,36.65,40.53,22.83
17167,193018,37.39,40.55,22.06
17169,6758,36.09,39.83,24.08
17171,4951,36.5,45.67,17.83
17173,21626,40.63,38.9,20.47
17175,5340,32.64,44.85,22.51
17177,44353,37.73,38.12,24.14
17179,130422,43.69,37.74,18.57
17181,16653,28.92,43.91,27.17
17183,73672,31.8,43.77,24.43
17185,11520,37.3,37.01,25.69
17187,15991,35.94,43.05,21.01
17189,13832,40.41,38.37,21.23
17191,16213,31.88,40.66,27.46
17193,13440,32.14,42.47,25.39
17195,55018,35.84,40.93,23.23
17197,684787,44.48,39.67,15.84
17199,65254,37.09,40.97,21.94
17201,281089,35.92,41.99,22.09
17203,38062,41.81,39.46,18.72
18001,35684,34.87,34.45,30.68
18003,376714,40.98,39.87,19.14
18005,83520,42.58,37.06,20.36
18007,8727,34.65,44.31,21.04
18009,11666,33.46,35.67,30.87
18011,67666,50.61,33.0,16.39
18013,15087,28.07,50.91,21.02
18015,20218,38.94,38.85,22.21
18017,37348,37.0,37.07,25.93
18019,117859,39.18,42.38,18.44
18021,26131,36.91,40.47,22.62
18023,32219,32.17,43.7,24.13
18025,10577,28.52,36.77,34.71
18027,33160,30.52,36.85,32.63
18029,49210,43.73,36.83,19.44
18031,26501,35.57,46.96,17.47
18033,43399,42.74,38.94,18.32
18035,107050,34.98,42.05,22.97
18037,42576,40.8,43.23,15.98
18039,204659,37.2,41.92,20.89
18041,23053,33.41,39.54,27.05
18043,78062,42.25,37.96,19.79
18045,16325,34.71,42.63,22.66
18047,22758,40.48,42.06,17.46
18049,19903,35.39,40.12,24.49
18051,33287,36.09,46.23,17.69
18053,61804,34.27,42.3,23.43
18055,31815,32.45,43.47,24.08
18057,337641,55.22,33.93,10.85
18059,78000,50.72,35.45,13.83
18061,40342,36.27,44.88,18.85
18063,167137,48.47,38.68,12.85
18065,44837,35.74,40.35,23.92
18067,82135,36.25,42.9,20.86
18069,35646,41.69,41.45,16.87
18071,44058,40.61,39.08,20.31
18073,32801,36.85,43.87,19.28
18075,20374,34.0,42.69,23.31
18077,30673,34.25,41.86,23.88
18079,27598,39.13,40.29,20.58
18081,156945,45.36,40.07,14.57
18083,35109,36.45,41.03,22.52
18085,78471,40.73,38.26,21.01
18087,39477,24.57,35.41,40.02
18089,482392,33.86,42.9,23.24
18091,104229,36.51,41.45,22.04
18093,45213,37.29,42.25,20.46
18095,124446,37.25,40.0,22.75
18097,953401,36.53,40.3,23.16
18099,46124,36.69,38.79,24.52
18101,10214,44.89,38.85,16.26
18103,32382,36.55,43.65,19.79
18105,134378,38.43,42.85,18.72
18107,37482,32.94,43.35,23.71
18109,70256,41.3,40.49,18.21
18111,13944,36.56,42.26,21.18
18113,47422,37.27,41.97,20.77
18115,5875,37.89,38.33,23.78
18117,19567,31.74,43.94,24.33
18119,20737,31.21,42.41,26.37
18121,15618,32.33,33.99,33.68
18123,17767,36.28,43.03,20.68
18125,12316,38.79,40.9,20.32
18127,168047,43.21,39.27,17.52
18129,25373,42.99,37.38,19.63
18131,12236,39.37,40.88,19.75
18133,33104,40.84,39.39,19.77
18135,24565,35.09,40.51,24.4
18137,28242,37.5,40.99,21.5
18139,16538,39.27,39.61,21.12
18141,263040,37.94,39.45,22.61
18143,23745,33.44,44.23,22.33
18145,44507,39.68,41.48,18.84
18147,20217,37.87,41.94,20.18
18149,22995,34.95,44.15,20.9
18151,33465,36.24,42.97,20.79
18153,18551,34.31,42.01,23.68
18155,10709,27.42,46.57,26.02
18157,180768,39.71,42.24,18.05
18159,15113,45.66,37.48,16.87
18161,7036,34.3,43.28,22.43
18163,177286,36.05,41.96,21.99
18165,15498,31.97,45.28,22.75
18167,98733,37.55,38.72,23.72
18169,29886,37.39,39.53,23.08
18171,8239,40.83,38.83,20.34
18173,62931,46.16,38.73,15.11
18175,27959,37.18,42.01,20.81
18177,64597,34.14,41.26,24.6
18179,28188,41.04,40.0,18.96
18181,23996,35.51,42.77,21.72
18183,33794,41.39,35.04,23.57
19001,7151,36.36,42.34,21.3
19003,3598,41.16,38.3,20.54
19005,13687,38.38,38.88,22.74
19007,12404,33.37,34.44,32.19
19009,5493,36.92,40.01,23.07
19011,25635,45.79,36.35,17.87
19013,128031,40.05,40.21,19.74
19015,25998,41.25,40.98,17.77
19017,23734,44.07,39.47,16.47
19019,21121,39.89,39.73,20.38
19021,19011,35.91,43.79,20.3
19023,14433,43.75,36.87,19.38
19025,9163,35.86,39.82,24.32
19027,20140,41.81,39.55,18.64
19029,12822,36.34,42.36,21.3
19031,18602,45.73,38.38,15.89
19033,41999,42.5,38.22,19.28
19035,11220,35.16,42.59,22.25
19037,11933,40.17,36.72,23.1
19039,9379,34.44,41.96,23.61
19041,15981,35.35,42.49,22.16
19043,17540,37.0,37.29,25.72
19045,46397,40.04,39.86,20.1
19047,16811,35.22,40.5,24.28
19049,93420,52.92,34.79,12.3
19051,9000,33.21,37.84,28.94
19053,7274,35.02,40.39,24.59
19055,17011,47.49,36.08,16.43
19057,38813,40.33,37.18,22.48
19059,17247,39.83,42.15,18.01
19061,94730,42.97,37.4,19.63
19063,8930,38.11,40.38,21.51
19065,19114,36.6,40.73,22.67
19067,15600,37.43,42.83,19.74
19069,10070,30.26,44.81,24.94
19071,6953,40.5,39.59,19.91
19073,8885,37.21,41.97,20.82
19075,12232,47.08,36.59,16.33
19077,10682,39.21,43.07,17.72
19079,14760,43.64,37.78,18.57
19081,10627,43.49,34.06,22.44
19083,16315,40.14,37.57,22.29
19085,14042,43.6,38.53,17.87
19087,18564,40.99,39.56,19.46
19089,9149,38.82,35.76,25.41
19091,9557,37.94,41.55,20.51
19093,6860,42.17,42.2,15.63
19095,16153,45.87,34.62,19.51
19097,19434,41.79,37.65,20.56
19099,35901,43.67,39.16,17.17
19101,16956,36.02,42.0,21.97
19103,143882,43.11,37.84,19.04
19105,19725,45.28,35.97,18.74
19107,10244,38.21,34.8,26.99
19109,14801,38.98,38.42,22.6
19111,32817,37.95,40.66,21.39
19113,223485,44.65,37.9,17.45
19115,11032,35.7,46.75,17.56
19117,8600,37.38,38.64,23.98
19119,11738,41.72,44.14,14.14
19121,16330,44.01,35.16,20.83
19123,21706,42.06,39.72,18.22
19125,32254,38.75,42.72,18.53
19127,39025,34.98,39.48,25.54
19129,14788,42.06,37.4,20.54
19131,10565,42.43,38.02,19.55
19133,8612,42.07,37.25,20.68
19135,7703,35.8,42.35,21.85
19137,9917,37.88,38.93,23.18
19139,42552,36.42,46.59,16.99
19141,13699,40.8,40.94,18.26
19143,5954,43.6,36.14,20.26
19145,13787,34.62,43.37,22.01
19147,8793,38.53,36.19,25.28
19149,25177,41.12,41.83,17.05
19151,6614,45.42,37.38,17.21
19153,485034,41.6,40.34,18.06
19155,92009,41.03,39.85,19.12
19157,17161,39.32,38.67,22.01
19159,4893,32.52,40.34,27.14
19161,9714,41.31,36.66,22.03
19163,171182,41.35,40.07,18.58
19165,11447,37.24,43.69,19.07
19167,33022,49.37,32.22,18.41
19169,87195,43.46,37.93,18.61
19171,16840,34.01,41.14,24.85
19173,6117,37.99,35.7,26.3
19175,12012,42.21,39.46,18.33
19177,7043,31.56,42.11,26.32
19179,34431,36.48,42.14,21.38
19181,50399,45.8,36.65,17.55
19183,21939,38.53,41.07,20.4
19185,6431,29.78,41.16,29.06
19187,33666,38.65,39.45,21.9
19189,10051,37.79,42.81,19.4
19191,18186,45.32,35.86,18.83
19193,101460,36.04,42.67,21.29
19195,7376,36.06,42.6,21.34
19197,12553,34.68,42.88,22.44
20001,12138,33.74,38.03,28.23
20003,7839,26.48,43.08,30.44
20005,15017,45.58,32.71,21.71
20007,4427,30.99,43.46,25.55
20009,25452,37.09,41.84,21.07
20011,14316,34.93,39.36,25.71
20013,9550,35.13,42.18,22.69
20015,65175,39.66,41.05,19.29
20017,2542,38.24,39.3,22.46
20019,3250,21.69,48.68,29.63
20021,19921,37.51,39.78,22.7
20023,2657,38.69,42.34,18.97
20025,1994,38.11,37.01,24.87
20027,7985,34.74,38.75,26.51
20029,8519,37.8,35.16,27.05
20031,8173,41.5,39.5,19.0
20033,1700,36.12,27.59,36.29
20035,33462,35.75,42.71,21.53
20037,37604,37.22,40.6,22.18
20039,2825,41.35,37.73,20.92
20041,18392,39.83,40.54,19.63
20043,7248,32.41,44.92,22.67
20045,114221,43.44,40.15,16.4
20047,2793,27.64,45.26,27.1
20049,2524,22.19,53.57,24.25
20051,27782,44.54,38.05,17.41
20053,5235,36.79,40.48,22.73
20055,36069,31.44,43.66,24.9
20057,33278,31.32,46.56,22.11
20059,25192,40.28,39.89,19.83
20061,31533,40.54,40.45,19.01
20063,2628,43.95,34.25,21.8
20065,2482,39.0,39.61,21.39
20067,7128,37.42,47.46,15.12
20069,5988,30.68,47.08,22.24
20071,1232,29.63,51.95,18.43
20073,5956,36.65,38.97,24.38
20075,2539,38.56,39.54,21.9
20077,5436,31.18,48.01,20.81
20079,33645,39.7,42.12,18.18
20081,3965,32.31,56.44,11.25
20083,1794,43.7,38.29,18.0
20085,13117,31.45,47.13,21.42
20087,19024,46.16,37.01,16.83
20089,2877,26.31,50.92,22.77
20091,600662,49.36,36.83,13.81
20093,3832,27.66,54.85,17.48
20095,7108,41.45,38.91,19.64
20097,2378,34.27,40.62,25.11
20099,19570,32.8,39.4,27.8
20101,1532,30.87,49.54,19.58
20103,76429,42.57,42.21,15.22
20105,2961,37.01,38.64,24.35
20107,9675,34.94,44.43,20.63
20109,2794,32.78,39.51,27.7
20111,32133,34.42,39.3,26.28
20113,28180,45.2,36.83,17.97
20115,11479,34.01,41.84,24.15
20117,9689,40.48,39.67,19.85
20119,3984,37.78,44.08,18.15
20121,34179,41.85,40.15,18.0
20123,5860,42.53,35.73,21.74
20125,31090,32.42,42.28,25.3
20127,5616,42.49,42.36,15.15
20129,2578,44.45,37.2,18.35
20131,10225,43.71,37.76,18.53
20133,15766,34.02,40.78,25.19
20135,2747,38.19,37.86,23.95
20137,4631,36.75,39.82,23.43
20139,15932,31.67,41.06,27.27
20141,3416,42.68,31.65,25.67
20143,5664,38.03,40.11,21.86
20145,5824,31.87,38.19,29.95
20147,5223,44.3,33.18,22.52
20149,24359,43.45,40.26,16.29
20151,8931,35.9,43.57,20.54
20153,2530,21.7,45.42,32.89
20155,59676,36.67,40.97,22.36
20157,4636,31.95,38.24,29.81
20159,9020,38.29,39.32,22.38
20161,68667,37.41,44.5,18.08
20163,4909,43.1,38.4,18.5
20165,3036,39.95,42.26,17.79
20167,6845,44.65,35.57,19.78
20169,53462,38.14,42.45,19.4
20171,4804,28.66,51.62,19.71
20173,512501,38.81,41.3,19.89
20175,21095,25.99,47.16,26.85
20177,174808,37.67,41.67,20.66
20179,2521,34.79,41.17,24.04
20181,5864,44.95,34.09,20.96
20183,3582,38.78,39.87,21.36
20185,4156,37.54,41.07,21.39
20187,1981,30.09,38.97,30.94
20189,5472,31.67,45.3,23.03
20191,22728,33.39,45.58,21.03
20193,7540,41.96,38.73,19.31
20195,2791,38.84,42.85,18.31
20197,6931,41.29,39.37,19.33
20199,1518,39.26,45.13,15.61
20201,5406,31.78,45.63,22.59
20203,2119,29.54,48.7,21.76
20205,8483,28.37,46.58,25.05
20207,3134,34.52,43.08,22.4
20209,165019,30.82,42.56,26.62
21001,18125,26.41,47.68,25.91
21003,21236,31.75,37.51,30.74
21005,22747,34.66,39.39,25.95
21007,7823,29.5,42.11,28.39
21009,44081,30.48,41.76,27.76
21011,12500,33.91,39.35,26.74
21013,25351,26.18,41.33,32.49
21015,133139,46.61,38.3,15.09
21017,19659,32.83,41.08,26.09
21019,45131,32.79,41.87,25.34
21021,27285,33.76,38.42,27.82
21023,8303,29.45,43.03,27.52
21025,12502,26.42,45.17,28.41
21027,20268,25.68,46.04,28.28
21029,81411,40.98,42.39,16.63
21031,12790,29.16,39.08,31.77
21033,12716,27.85,38.54,33.6
21035,36036,33.17,41.03,25.8
21037,91228,45.47,37.11,17.42
21039,4760,32.96,38.17,28.87
21041,10494,28.83,41.01,30.16
21043,26316,28.4,43.08,28.53
21045,15818,26.59,35.59,37.82
21047,69863,31.7,43.7,24.6
21049,36084,38.23,39.34,22.43
21051,18282,30.16,39.59,30.25
21053,10134,30.97,37.3,31.72
21055,8671,26.56,47.45,25.99
21057,6614,21.02,49.3,29.68
21059,100021,33.86,39.55,26.59
21061,12147,25.9,48.3,25.8
21063,6514,23.66,36.28,40.07
21065,14074,29.09,41.91,29.0
21067,312837,38.68,40.94,20.38
21069,14581,27.33,41.53,31.14
21071,35446,27.4,42.66,29.95
21073,49734,34.0,43.01,22.99
21075,5582,27.46,33.05,39.48
21077,8869,38.96,38.32,22.72
21079,17666,28.45,36.0,35.55
21081,24782,36.9,38.71,24.38
21083,37124,29.55,45.69,24.76
21085,25828,32.02,40.17,27.81
21087,10941,31.86,36.56,31.58
21089,34968,33.41,42.6,23.98
21091,8722,34.56,42.51,22.93
21093,110242,34.92,46.6,18.48
21095,25818,27.14,38.9,33.96
21097,18886,32.3,41.51,26.19
21099,18914,26.07,41.96,31.97
21101,44667,32.37,40.78,26.85
21103,16126,30.7,44.07,25.23
21105,4307,32.57,44.53,22.89
21107,44238,35.11,35.5,29.39
21109,13278,33.45,38.21,28.34
21111,757150,36.15,40.88,22.97
21113,52855,39.3,39.48,21.22
21115,21957,27.66,38.43,33.91
21117,166001,43.57,38.17,18.26
21119,14274,29.05,40.17,30.78
21121,30698,31.32,39.39,29.29
21123,14212,30.45,40.94,28.61
21125,60473,31.01,41.09,27.9
21127,15317,28.81,36.98,34.21
21129,6393,31.41,40.72,27.87
21131,9744,23.0,46.43,30.57
21133,21494,27.79,39.39,32.81
21135,13222,23.51,49.06,27.42
21137,24451,32.3,41.94,25.76
21139,9194,24.81,50.13,25.06
21141,27006,28.22,45.83,25.95
21143,7155,19.71,47.34,32.96
21145,64932,32.27,43.43,24.31
21147,15602,29.12,37.95,32.93
21149,9207,43.3,33.2,23.49
21151,87042,36.17,41.27,22.57
21153,12161,23.57,46.94,29.5
21155,19024,32.14,42.78,25.08
21157,30939,34.33,41.48,24.19
21159,9853,31.79,43.13,25.08
21161,16906,32.56,39.01,28.43
21163,28425,35.9,41.2,22.9
21165,6483,32.64,37.27,30.09
21167,21933,30.15,45.99,23.87
21169,10071,28.14,41.38,30.48
21171,10624,25.35,42.29,32.36
21173,27970,34.38,41.09,24.53
21175,11418,27.8,40.31,31.89
21177,29393,33.65,39.44,26.91
21179,46133,34.48,44.85,20.67
21181,7269,30.25,35.75,33.99
21183,23923,29.81,44.31,25.88
21185,62693,50.35,36.45,13.21
21187,10901,27.07,40.36,32.57
21189,4415,28.63,41.2,30.17
21191,14590,33.93,40.62,25.45
21193,25569,29.04,45.45,25.52
21195,56944,27.71,40.73,31.56
21197,12250,35.58,38.72,25.7
21199,64686,28.43,42.49,29.08
21201,2108,25.24,51.66,23.1
21203,16593,26.4,44.31,29.3
21205,21586,35.59,37.17,27.24
21207,17899,28.57,41.51,29.93
21209,56080,38.79,43.84,17.36
21211,48016,30.4,45.7,23.9
21213,18374,32.59,46.38,21.03
21215,19351,34.54,41.74,23.72
21217,24594,34.58,40.49,24.94
21219,12171,26.6,42.85,30.55
21221,14651,25.92,39.97,34.11
21223,8471,34.52,31.59,33.89
21225,14338,25.98,44.48,29.54
21227,126332,35.99,42.76,21.25
21229,12095,32.2,41.21,26.59
21231,20107,25.05,41.55,33.41
21233,12686,29.52,39.47,31.01
21235,34861,25.88,47.76,26.35
21237,7125,20.93,37.38,41.7
21239,26298,35.9,46.18,17.92
22001,61749,27.87,43.26,28.87
22003,21697,25.31,40.88,33.81
22005,126121,42.29,41.99,15.72
22007,21816,27.91,39.1,32.99
22009,37455,23.87,41.08,35.05
22011,36418,27.81,46.34,25.85
22013,13197,21.75,41.15,37.09
22015,126668,32.87,42.52,24.61
22017,236918,28.03,40.58,31.39
22019,201196,32.08,44.32,23.59
22021,9415,29.05,43.1,27.85
22023,6953,34.63,45.63,19.73
22025,8701,21.03,46.81,32.16
22027,12898,22.09,38.88,39.03
22029,17957,19.69,44.32,35.99
22031,27365,26.03,43.23,30.75
22033,432465,32.31,44.31,23.37
22035,5794,20.97,42.29,36.74
22037,17538,27.28,38.94,33.77
22039,32333,23.86,42.45,33.68
22041,19664,19.94,39.91,40.15
22043,19620,22.32,54.39,23.29
22045,69354,29.18,45.05,25.77
22047,28964,28.73,42.8,28.48
22049,14929,27.7,43.42,28.88
22051,431402,32.2,43.22,24.58
22053,31248,26.49,45.13,28.38
22055,241027,38.25,41.62,20.13
22057,96469,30.92,42.23,26.85
22059,13851,34.71,41.68,23.62
22061,42328,25.09,42.29,32.62
22063,140260,36.51,45.04,18.45
22065,9519,19.4,48.87,31.73
22067,24389,22.59,42.94,34.47
22069,36335,29.68,43.45,26.86
22071,380942,30.85,41.45,27.69
22073,149173,30.48,42.18,27.34
22075,23144,35.8,39.82,24.38
22077,21730,25.95,39.52,34.53
22079,127542,29.77,44.19,26.04
22081,8367,20.53,45.94,33.52
22083,19416,19.38,44.05,36.57
22085,23721,23.27,45.39,31.34
22087,46979,31.32,43.73,24.95
22089,52596,40.46,40.05,19.49
22091,10085,29.69,40.06,30.25
22093,20969,31.06,40.87,28.07
22095,42611,28.71,45.81,25.47
22097,81839,21.87,45.0,33.13
22099,52983,27.48,44.0,28.52
22101,48879,29.11,41.11,29.78
22103,260188,37.0,42.53,20.47
22105,132048,29.16,44.51,26.33
22107,4318,18.02,41.59,40.39
22109,109619,33.54,43.9,22.56
22111,21768,26.91,37.87,35.22
22113,59511,29.22,46.29,24.48
22115,47323,28.76,49.78,21.46
22117,44892,24.57,44.75,30.67
22119,37631,23.21,36.57,40.22
22121,26019,39.14,39.03,21.83
22123,10452,18.38,50.82,30.8
22125,10367,39.74,39.1,21.15
22127,12380,28.54,40.65,30.81
23001,106246,39.8,42.43,17.77
23003,66311,29.8,41.91,28.29
23005,289056,43.31,39.53,17.16
23007,29244,30.92,45.61,23.46
23009,54595,35.77,43.87,20.36
23011,120384,37.75,42.54,19.71
23013,38629,35.97,42.95,21.09
23015,34484,32.85,43.04,24.12
23017,57817,32.19,45.35,22.47
23019,146670,37.78,41.76,20.46
23021,16693,28.87,40.18,30.95
23023,35849,40.82,40.97,18.2
23025,50176,34.89,41.27,23.85
23027,39265,31.79,46.18,22.03
23029,31025,25.87,43.36,30.78
23031,206244,38.13,43.69,18.18
24001,63807,32.12,42.16,25.72
24003,573374,45.37,40.91,13.71
24005,813482,39.0,42.17,18.83
24009,92263,48.54,37.04,14.43
24011,33228,34.89,41.96,23.15
24013,166546,48.4,37.4,14.21
24015,102546,42.22,40.75,17.03
24017,162650,45.08,39.1,15.82
24019,31767,30.25,44.74,25.0
24021,257015,46.58,38.8,14.62
24023,28827,35.19,42.12,22.68
24025,255029,46.11,38.05,15.84
24027,325256,46.77,38.93,14.3
24029,18272,34.26,40.64,25.1
24031,1049242,39.67,42.85,17.48
24033,893899,32.01,46.42,21.57
24035,50114,41.12,40.95,17.93
24037,111763,43.62,37.73,18.65
24039,20531,26.44,41.81,31.74
24041,37093,34.8,42.49,22.72
24043,144319,37.18,41.79,21.03
24045,99757,35.21,42.12,22.67
24047,51944,31.49,44.8,23.71
24510,575313,30.6,41.48,27.93
25001,211121,37.16,43.39,19.45
25003,121404,35.33,43.23,21.44
25005,556407,41.95,38.96,19.1
25007,17273,30.6,50.12,19.28
25009,778537,38.47,40.97,20.56
25011,69904,34.5,42.83,22.67
25013,457814,34.41,41.27,24.32
25015,139602,43.32,39.77,16.9
25017,1568564,45.33,38.98,15.69
25019,11399,35.49,50.5,14.01
25021,695736,45.96,38.25,15.79
25023,515031,44.86,39.19,15.95
25025,764516,31.36,43.71,24.93
25027,811726,43.67,39.01,17.32
26001,10377,24.46,43.69,31.85
26003,8217,34.68,39.95,25.36
26005,117892,37.48,42.13,20.39
26007,28288,33.3,42.54,24.16
26009,23282,29.9,47.97,22.12
26011,14840,26.67,44.02,29.31
26013,7336,31.86,41.25,26.89
26015,61471,39.63,42.37,18.0
26017,102933,38.5,41.78,19.72
26019,17711,33.48,44.84,21.69
26021,151730,34.24,40.83,24.94
26023,41959,34.86,43.9,21.24
26025,132024,37.27,41.81,20.93
26027,51432,33.27,44.77,21.96
26029,26092,32.4,45.83,21.77
26031,25199,26.99,45.32,27.7
26033,32809,31.07,41.88,27.05
26035,30836,28.17,41.09,30.74
26037,79388,42.43,40.27,17.3
26039,13972,30.96,43.22,25.82
26041,35581,32.02,41.91,26.07
26043,25163,35.66,43.29,21.05
26045,109227,42.11,40.68,17.21
26047,33241,37.68,40.97,21.35
26049,403826,36.43,40.61,22.96
26051,25383,25.34,43.7,30.96
26053,13872,28.71,41.48,29.81
26055,92571,38.82,42.18,19.0
26057,35801,37.39,40.45,22.16
26059,44569,34.37,40.09,25.54
26061,33311,34.52,44.06,21.42
26063,30927,33.17,41.04,25.8
26065,277035,38.4,40.99,20.61
26067,59724,39.59,42.19,18.22
26069,25043,27.44,44.54,28.03
26071,11035,29.52,39.38,31.1
26073,65068,35.44,40.11,24.44
26075,150971,37.71,41.38,20.92
26077,259247,43.68,37.69,18.62
26079,17983,28.99,46.18,24.82
26081,651564,42.89,39.3,17.81
26083,2112,25.43,55.26,19.32
26085,11690,20.94,46.18,32.88
26087,86682,37.07,42.69,20.24
26089,21732,33.3,44.89,21.81
26091,94387,35.16,45.45,19.39
26093,191448,47.53,38.73,13.74
26095,5123,31.43,41.5,27.07
26097,10778,21.91,44.86,33.23
26099,871343,39.73,41.67,18.59
26101,23453,30.26,43.55,26.19
26103,63110,37.58,40.13,22.29
26105,29085,30.13,45.07,24.8
26107,40350,30.9,43.35,25.75
26109,22755,32.27,41.28,26.44
26111,82446,40.88,41.45,17.67
26113,15078,32.97,47.37,19.66
26115,150295,41.15,38.79,20.06
26117,61337,35.41,42.93,21.66
26119,9300,26.67,42.33,31.0
26121,170556,33.16,44.61,22.23
26123,48776,33.67,42.99,23.34
26125,1251693,45.38,38.22,16.39
26127,26407,29.36,45.41,25.23
26129,20965,29.32,40.2,30.49
26131,5714,24.71,49.46,25.83
26133,23255,30.17,42.03,27.79
26135,8241,24.66,41.26,34.09
26137,24551,33.28,42.52,24.2
26139,285133,44.82,40.03,15.15
26141,12556,25.25,44.38,30.37
26143,23951,26.6,43.29,30.11
26145,186135,36.63,38.8,24.57
26147,158695,38.12,41.17,20.71
26149,60776,37.9,38.51,23.59
26151,41076,29.56,44.4,26.04
26153,8070,23.35,48.9,27.76
26155,67656,37.28,42.53,20.2
26157,51931,33.71,43.21,23.08
26159,75529,35.37,41.46,23.16
26161,348715,43.61,40.32,16.07
26163,1743402,32.05,41.54,26.41
26165,33548,33.91,44.74,21.35
27001,15807,29.21,42.18,28.61
27003,355265,47.24,38.32,14.44
27005,34350,32.96,45.25,21.8
27007,45747,34.06,41.74,24.2
27009,40823,41.63,44.23,14.14
27011,4991,39.43,38.53,22.04
27013,64832,41.69,40.7,17.61
27015,24321,42.93,37.59,19.47
27017,34614,37.09,42.68,20.23
27019,104529,55.69,32.0,12.32
27021,29740,29.25,47.02,23.73
27023,11782,33.55,41.75,24.7
27025,55543,48.92,36.57,14.51
27027,61816,45.64,39.45,14.91
27029,8799,31.55,42.63,25.82
27031,5460,28.33,40.4,31.26
27033,11183,30.91,42.52,26.57
27035,64908,36.48,43.26,20.27
27037,428659,47.8,37.92,14.28
27039,20934,47.4,40.43,12.17
27041,38078,44.91,36.29,18.81
27043,13554,38.32,36.66,25.02
27045,21038,40.35,41.21,18.44
27047,30155,39.09,40.43,20.48
27049,46203,43.15,39.23,17.62
27051,5972,35.92,42.53,21.55
27053,1254285,44.77,37.59,17.64
27055,18587,42.14,39.76,18.1
27057,21460,30.83,45.94,23.23
27059,40550,45.36,40.7,13.94
27061,44820,32.34,45.01,22.66
27063,9834,41.32,38.38,20.31
27065,16308,37.18,39.45,23.37
27067,42969,39.95,41.02,19.03
27069,4297,39.7,40.05,20.25
27071,12153,33.38,41.02,25.6
27073,6621,39.04,37.74,23.21
27075,10622,36.58,40.21,23.22
27077,3738,35.77,37.51,26.73
27079,28887,46.38,36.12,17.5
27081,5636,43.95,33.91,22.14
27083,24940,44.04,35.69,20.27
